ID   SEQUENCE_RPOFILE; MATRIX.
AC   ZZ99999;
DT   Wed Jul  4 13:38:15 2001
DE   Generated from MSF file: 'ALL.msf'.
MA   /GENERAL_SPEC: ALPHABET='ABCDEFGHIKLMNPQRSTVWYZ'; LENGTH=310;
MA   /DISJOINT: DEFINITION=PROTECT; N1=6; N2=305;
MA   /NORMALIZATION: MODE=1; FUNCTION=LINEAR; R1=0.0000000; R2=0.0100000; TEXT='No_units';
MA   /CUT_OFF: LEVEL=0; SCORE=850; N_SCORE=8.5000; MODE=1; TEXT='!';
MA   /CUT_OFF: LEVEL=-1; SCORE=650; N_SCORE=6.5000; MODE=1; TEXT='?';
MA   /DEFAULT: M0=-8; D=-20; I=-20; B0=*; B1=*; E0=*; E1=*; MI=-105; MD=-105; IM=-105; DM=-105;
MA   /I: B0=0; B1=0; BI=-105; BD=-105;
MA   /M: SY='M'; M=-10,-20,-20,-30,-20,0,-20,0,20,-10,20,60,-20,-20,0,-10,-20,-10,10,-20,0,-10;
MA   /M: SY='A'; M=30,-5,-10,-10,-5,-20,0,-15,-15,-10,-20,-15,0,-10,-5,-15,25,10,-5,-30,-20,-5;
MA   /M: SY='D'; M=-20,50,-30,70,20,-40,-10,0,-40,0,-30,-30,20,-10,0,-10,0,-10,-30,-40,-20,10;
MA   /M: SY='P'; M=-10,-25,-35,-25,-15,-15,-30,-25,15,-20,-5,0,-20,35,-15,-25,-15,-10,0,-25,-15,-20;
MA   /M: SY='W'; M=-15,-35,-35,-35,-25,10,-25,-25,0,-25,15,0,-35,-30,-20,-20,-35,-20,-10,65,15,-20;
MA   /M: SY='Q'; M=-12,-7,-28,-7,10,-28,-22,3,-15,7,-8,2,-5,-15,38,15,-7,-10,-22,-20,-8,23;
MA   /M: SY='E'; M=-10,10,-30,20,60,-30,-20,0,-30,10,-20,-20,0,0,20,0,0,-10,-30,-30,-20,40;
MA   /M: SY='C'; M=-10,-25,50,-30,-25,-5,-30,-25,-5,-30,15,0,-25,-35,-25,-25,-20,-10,0,-35,-15,-25;
MA   /M: SY='M'; M=-10,-25,-20,-30,-20,5,-25,-10,20,-20,35,40,-25,-25,-10,-15,-25,-10,10,-20,0,-15;
MA   /I: I=-5; MD=-27;
MA   /M: SY='R'; M=-8,-7,10,-8,-5,-10,-12,-5,-15,5,-10,-7,-3,-13,-2,18,-5,-5,-8,-15,-8,-5; D=-5;
MA   /I: I=-5; MI=-27; MD=-27; IM=-27; DM=-27;
MA   /M: SY='V'; M=0,-15,-5,-15,-15,0,-15,-15,15,-10,5,5,-15,-15,-15,-10,-5,0,25,-15,-5,-15; D=-5;
MA   /I: I=-5; DM=-27;
MA   /M: SY='S'; M=5,0,-5,0,0,-10,0,-5,-10,-5,-15,-10,5,-5,0,-5,20,10,-5,-20,-10,0; D=-5;
MA   /I: I=-5; DM=-27;
MA   /M: SY='D'; M=-15,30,-30,45,40,-35,-15,0,-35,5,-25,-25,10,-5,10,-5,0,-10,-30,-35,-20,25;
MA   /M: SY='Y'; M=-15,-10,-30,-10,-5,0,-25,5,-15,20,-15,-5,-10,-20,0,10,-15,-10,-15,5,35,-5;
MA   /M: SY='A'; M=50,-10,-10,-20,-10,-20,0,-20,-10,-10,-10,-10,-10,-10,-10,-20,10,0,0,-20,-20,-10;
MA   /M: SY='A'; M=28,-16,-10,-22,-17,-12,-12,-23,3,-13,-3,-3,-16,-17,-17,-19,4,6,17,-24,-16,-17;
MA   /M: SY='N'; M=-10,26,-21,18,-1,-20,-11,-3,-14,-6,-20,-16,29,-16,-4,-8,7,8,-17,-36,-16,-3;
MA   /M: SY='L'; M=-11,-19,-27,-21,-8,-7,-30,-4,14,-19,17,11,-16,-20,-3,-16,-18,-11,3,-22,-1,-8;
MA   /M: SY='A'; M=50,-10,-10,-20,-10,-20,0,-20,-10,-10,-10,-10,-10,-10,-10,-20,10,0,0,-20,-20,-10;
MA   /M: SY='R'; M=-14,-13,-33,-10,-2,-24,-10,-9,-28,11,-24,-14,-7,17,0,30,-9,-11,-24,-23,-19,-6;
MA   /M: SY='A'; M=7,-13,-20,-20,-7,7,-17,-10,-10,-10,-7,-3,-10,-17,3,-10,-3,-7,-10,-10,0,0;
MA   /M: SY='C'; M=8,2,27,1,-2,-26,-14,-17,-26,-12,-19,-19,-6,-19,-11,-19,0,-7,-13,-36,-23,-7;
MA   /M: SY='R'; M=-7,-7,-23,-10,-10,-20,10,-13,-27,0,-20,-13,0,-17,-7,13,3,7,-17,-23,-17,-10;
MA   /M: SY='E'; M=-12,19,-29,24,31,-34,-16,4,-28,7,-23,-16,11,-8,27,1,1,-9,-30,-30,-17,29;
MA   /I: I=-4; MD=-21;
MA   /M: SY='Q'; M=-6,-10,-18,-12,-3,-13,-19,-7,8,-6,-1,6,-8,-11,12,-6,-6,-6,2,-14,-4,3; D=-4;
MA   /I: I=-4; MI=-21; MD=-21; IM=-21; DM=-21;
MA   /M: SY='E'; M=-3,4,-14,6,17,-14,-10,-3,-11,0,-12,-10,4,-7,3,-3,4,-1,-9,-22,-12,10; D=-4;
MA   /I: I=-4; DM=-21;
MA   /M: SY='T'; M=6,-1,-7,-8,-7,-8,-11,-13,-7,-7,-7,-7,-1,-7,-7,-8,12,28,0,-19,-8,-7; D=-4;
MA   /I: I=-4; DM=-21;
MA   /M: SY='L'; M=-6,-20,-12,-20,-14,6,-20,-14,14,-19,29,12,-20,-20,-14,-13,-18,-6,11,-14,-1,-14; D=-4;
MA   /I: I=-4; DM=-21;
MA   /M: SY='F'; M=-7,-10,-10,-17,-13,23,-17,-13,-3,-13,0,-3,-7,-13,-17,-10,0,13,0,-7,7,-13; D=-4;
MA   /I: I=-4; DM=-21;
MA   /M: SY='R'; M=-10,-3,-20,-3,7,-20,-13,3,-17,13,-13,-3,0,-10,23,27,-3,-7,-17,-13,-7,13; D=-4;
MA   /I: I=-4; DM=-21;
MA   /M: SY='F'; M=-10,-20,-13,-23,-17,30,-20,-13,7,-20,20,7,-17,-20,-20,-13,-17,-7,3,-3,10,-17; D=-4;
MA   /I: I=-4; DM=-21;
MA   /M: SY='V'; M=-4,-29,-14,-30,-26,3,-29,-23,26,-22,24,19,-29,-29,-23,-19,-18,-4,32,-26,-6,-24;
MA   /M: SY='I'; M=-8,-27,-22,-34,-27,0,-31,-20,36,-21,18,31,-22,-22,-16,-21,-18,-8,28,-22,-2,-23;
MA   /M: SY='E'; M=-12,2,-13,8,37,-27,-21,-3,-30,10,-20,-18,-2,-9,12,12,-3,-10,-26,-30,-19,23;
MA   /M: SY='E'; M=-10,9,-30,18,56,-31,-20,1,-29,10,-20,-18,0,-1,24,1,0,-10,-30,-29,-19,40;
MA   /M: SY='G'; M=13,-7,-23,-10,-7,-27,17,-17,-27,7,-23,-13,-3,-13,-7,-3,0,-10,-17,-20,-20,-7;
MA   /M: SY='R'; M=-13,-13,-28,-14,-4,-14,-24,-11,-10,17,-3,0,-9,-19,0,26,-16,-10,-8,-20,-7,-4;
MA   /M: SY='K'; M=-9,1,-30,3,18,-30,-10,-9,-31,33,-28,-13,0,-9,9,18,-7,-11,-23,-22,-14,13;
MA   /M: SY='A'; M=19,7,-18,-4,-9,-22,16,-10,-20,-9,-21,-16,16,-16,-9,-13,8,-4,-17,-27,-22,-9;
MA   /M: SY='E'; M=-12,4,-30,11,42,-29,-20,1,-29,14,-20,-16,0,-6,22,17,-2,-10,-28,-27,-17,31;
MA   /M: SY='G'; M=-7,-10,-27,-13,-10,-20,10,-10,-17,7,-13,10,-7,-17,-3,0,-10,-13,-13,-20,-13,-7;
MA   /M: SY='N'; M=-8,28,-18,16,-1,-19,-8,-1,-19,-3,-23,-18,36,-16,-3,-4,12,16,-20,-37,-17,-2;
MA   /I: I=-2; MI=0; MD=-11; IM=0; DM=-11;
MA   /M: SY='A'; M=16,-13,-9,-18,-13,-7,-11,-17,9,-11,1,1,-12,-12,-12,-14,-1,-1,14,-16,-9,-13; D=-2;
MA   /I: I=-2; DM=-11;
MA   /M: SY='M'; M=-3,-17,-10,-20,-17,0,-17,-10,17,-10,10,23,-17,-17,-10,-10,-10,-3,20,-17,-3,-13; D=-2;
MA   /I: I=-2; DM=-11;
MA   /M: SY='R'; M=-9,-13,-17,-14,-9,-6,-18,-9,1,1,2,2,-9,-16,-4,16,-10,-6,3,-14,-4,-9; D=-2;
MA   /I: I=-2; DM=-11;
MA   /M: SY='K'; M=-10,0,-30,0,11,-31,-20,-8,-29,46,-29,-9,0,-10,16,28,-9,-10,-21,-20,-10,13;
MA   /M: SY='A'; M=17,-3,-17,-7,0,-23,-7,-13,-20,10,-23,-13,0,-10,0,0,13,3,-10,-27,-17,0;
MA   /M: SY='G'; M=-3,-13,-20,-17,-17,10,13,-17,-20,-20,-17,-13,-3,-20,-20,-17,7,-3,-13,-17,-7,-17;
MA   /M: SY='P'; M=10,-20,-27,-23,-13,-17,-20,-23,7,-17,-7,-3,-17,20,-13,-23,-7,-7,0,-23,-17,-17;
MA   /I: I=-3; MI=0; MD=-15; IM=0; DM=-15;
MA   /M: SY='A'; M=17,-17,-17,-20,-20,-17,13,-23,-7,-17,-10,-7,-13,-20,-20,-20,0,-7,7,-23,-20,-20;
MA   /M: SY='D'; M=-20,50,-30,70,20,-40,-10,0,-40,0,-30,-30,20,-10,0,-10,0,-10,-30,-40,-20,10;
MA   /M: SY='F'; M=-13,-20,-23,-23,-10,17,-27,-10,0,-17,13,7,-17,-23,0,-10,-17,-10,-7,-10,7,-3;
MA   /M: SY='V'; M=-3,-20,-17,-20,-17,-10,-27,-23,10,3,-3,3,-20,-23,-17,-3,-10,-3,27,-27,-10,-17;
MA   /M: SY='T'; M=-3,0,-17,-7,-3,-17,-20,-17,-17,10,-17,-10,0,-10,-3,3,10,30,-7,-27,-10,-3;
MA   /M: SY='L'; M=4,-16,-20,-18,-9,-11,-20,-18,-2,2,6,2,-16,-19,-9,-3,-12,-7,2,-21,-9,-9;
MA   /M: SY='A'; M=13,-13,-13,-20,-13,-7,-17,-20,0,-17,10,0,-13,-17,-13,-17,0,13,3,-23,-10,-13;
MA   /M: SY='D'; M=-20,50,-30,70,20,-40,-10,0,-40,0,-30,-30,20,-10,0,-10,0,-10,-30,-40,-20,10;
MA   /M: SY='V'; M=-4,-20,-19,-21,-13,-13,-28,-17,16,-11,1,8,-19,-22,1,-11,-8,-4,21,-26,-9,-7;
MA   /M: SY='L'; M=-10,-20,-23,-20,-10,-3,-27,-17,3,-3,23,10,-20,-23,-10,-3,-23,-10,0,-20,-3,-10;
MA   /M: SY='V'; M=3,-20,-10,-20,-20,-7,-20,-23,13,-17,-3,0,-17,-23,-20,-17,7,7,30,-33,-13,-20;
MA   /M: SY='E'; M=-10,17,-27,13,27,-30,-13,7,-23,7,-23,-13,20,-10,27,3,3,-7,-30,-30,-17,27;
MA   /M: SY='D'; M=-13,20,-30,30,30,-33,-17,-3,-33,20,-27,-20,7,-7,10,7,-3,-10,-27,-30,-17,20;
MA   /M: SY='M'; M=-7,-27,-17,-30,-23,3,-27,-17,23,-20,27,30,-27,-27,-17,-17,-20,-7,23,-23,-3,-20;
MA   /M: SY='I'; M=-7,-30,-20,-33,-27,3,-33,-27,33,-27,27,17,-27,-27,-23,-23,-20,-7,30,-23,-3,-27;
MA   /M: SY='M'; M=-9,-18,-26,-23,-14,-10,-28,-17,14,2,2,18,-14,-18,-7,-4,-16,-9,11,-21,-4,-12;
MA   /M: SY='N'; M=-4,14,-20,8,10,-24,-9,1,-20,0,-24,-14,22,-12,14,-1,14,7,-22,-33,-17,12;
MA   /M: SY='N'; M=-2,6,-16,-3,-8,-13,-8,-3,-6,-8,-14,1,16,-18,-3,-8,11,4,-6,-34,-14,-6;
MA   /M: SY='M'; M=-10,-27,-23,-33,-23,3,-30,-17,30,-23,30,33,-23,-23,-13,-20,-23,-10,17,-20,0,-20;
MA   /M: SY='K'; M=-10,3,-30,7,27,-30,-20,-7,-30,37,-27,-13,0,-7,13,20,-7,-10,-23,-23,-13,20;
MA   /M: SY='N'; M=-3,17,-20,13,20,-23,-7,0,-23,0,-27,-20,23,-10,7,-3,17,3,-23,-37,-20,13;
MA   /M: SY='K'; M=-3,0,-23,0,7,-27,-13,-10,-27,30,-30,-13,3,-10,7,17,7,0,-17,-27,-13,7;
MA   /M: SY='F'; M=-20,-26,-24,-31,-26,58,-30,-2,0,-21,6,0,-20,-30,-27,-16,-20,-10,-4,19,52,-26;
MA   /M: SY='P'; M=10,-17,-30,-13,-3,-27,-13,-20,-17,-10,-23,-17,-17,57,-10,-20,-3,-7,-20,-27,-27,-10;
MA   /M: SY='S'; M=1,-6,-2,-10,-13,-20,13,-19,-24,-16,-22,-17,0,-17,-13,-16,14,13,-13,-31,-21,-13;
MA   /I: I=-6; MI=0; MD=-29; IM=0; DM=-29;
MA   /M: SY='C'; M=-13,-7,20,-10,-7,-23,-23,20,-30,3,-23,-10,-3,-23,-3,0,-10,-13,-20,-33,-7,-7;
MA   /M: SY='S'; M=0,-6,-16,-8,-8,-16,-14,-14,-6,1,-17,-8,0,-18,-8,-3,9,4,6,-32,-14,-8;
MA   /M: SY='F'; M=-12,-30,-21,-36,-27,30,-32,-23,21,-29,26,12,-24,-28,-28,-22,-22,-9,16,-11,9,-27;
MA   /M: SY='F'; M=-10,-30,-20,-37,-30,27,-33,-27,27,-27,13,10,-23,-27,-30,-23,-17,-7,27,-13,7,-30;
MA   /M: SY='G'; M=3,-7,-23,-7,-13,-27,47,-17,-33,-17,-30,-20,3,-17,-13,-17,13,-7,-23,-27,-27,-13;
MA   /M: SY='E'; M=-10,10,-30,20,60,-30,-20,0,-30,10,-20,-20,0,0,20,0,0,-10,-30,-30,-20,40;
MA   /M: SY='E'; M=-10,10,-30,20,60,-30,-20,0,-30,10,-20,-20,0,0,20,0,0,-10,-30,-30,-20,40;
MA   /M: SY='S'; M=1,16,-16,18,4,-24,-2,-6,-24,-7,-30,-22,18,-11,0,-9,28,11,-17,-40,-20,2;
MA   /M: SY='N'; M=-6,3,-18,-4,-9,-14,-17,-11,-4,3,-14,-7,10,-20,-9,-1,0,3,2,-31,-13,-9;
MA   /M: SY='E'; M=8,4,-22,2,17,-23,-11,17,-22,-2,-18,-12,6,-10,6,-7,2,-8,-20,-28,-11,10;
MA   /I: I=-1; MI=0; MD=-5; IM=0; DM=-5;
MA   /M: SY='A'; M=12,-14,-13,-18,-11,-3,-9,-14,-1,-12,6,-1,-14,-13,-10,-13,-8,-6,-1,6,-3,-10; D=-1;
MA   /I: I=-1; DM=-5;
MA   /M: SY='G'; M=0,-7,-20,-7,-13,-20,47,-13,-27,-13,-20,-13,0,-13,-13,-13,0,-13,-20,-13,-20,-13; D=-1;
MA   /I: I=-1; DM=-5;
MA   /M: SY='E'; M=-7,7,-20,13,40,-20,-13,0,-20,7,-13,-13,0,0,13,0,0,-7,-20,-20,-13,27; D=-1;
MA   /I: I=-1; DM=-5;
MA   /M: SY='K'; M=-7,0,-20,0,7,-20,-13,-7,-20,33,-20,-7,0,-7,7,20,-7,-7,-13,-13,-7,7; D=-1;
MA   /I: I=-1; DM=-5;
MA   /M: SY='A'; M=12,4,-13,6,12,-18,-6,-7,-14,-1,-11,-11,-1,-4,1,-8,3,-3,-10,-18,-13,7; D=-1;
MA   /I: I=-1; DM=-5;
MA   /M: SY='I'; M=-7,-20,-20,-27,-20,0,-27,-20,33,-20,13,13,-13,-13,-13,-20,-13,-7,20,-13,0,-20; D=-1;
MA   /I: I=-1; DM=-5;
MA   /M: SY='S'; M=-2,-1,-19,-10,-11,-12,-16,-13,4,-14,-11,-6,10,-16,-8,-14,11,9,0,-32,-12,-11;
MA   /M: SY='I'; M=-6,-30,-21,-36,-30,0,-36,-30,41,-26,16,16,-24,-24,-24,-26,-16,-6,39,-24,-4,-30;
MA   /M: SY='P'; M=-11,-13,-30,-8,12,-9,-23,-13,-12,-10,-4,-9,-16,20,-6,-13,-12,-10,-18,-23,-13,2;
MA   /M: SY='P'; M=-8,-7,-27,-7,1,-24,-20,0,-18,-6,-20,-10,-6,22,8,-8,2,9,-20,-28,-13,2;
MA   /M: SY='D'; M=-14,28,-30,42,42,-34,-16,0,-34,6,-24,-24,9,-4,11,-4,0,-10,-30,-34,-20,27;
MA   /M: SY='N'; M=-6,2,-23,-4,-3,-19,-16,-10,-8,8,-19,-8,11,-14,-1,1,3,-1,-9,-29,-12,-3;
MA   /M: SY='P'; M=-13,-20,-30,-17,-7,-13,-23,-13,-10,-3,0,-3,-17,13,-7,10,-17,-10,-13,-23,-13,-10;
MA   /I: I=-5; MI=0; MD=-27; IM=0; DM=-27;
MA   /M: SY='T'; M=0,-13,-17,-17,-20,-13,7,-23,-7,-17,-10,-7,-10,-20,-20,-17,3,10,7,-27,-17,-20;
MA   /M: SY='W'; M=-10,-33,-30,-37,-30,3,-30,-30,20,-23,3,3,-30,-27,-23,-23,-23,-13,17,33,7,-27;
MA   /M: SY='W'; M=-14,-30,14,-37,-30,6,-29,-29,-6,-27,-8,-9,-27,-31,-26,-26,-23,-17,-7,30,3,-27;
MA   /M: SY='F'; M=-10,-30,-20,-37,-30,27,-33,-27,27,-27,13,10,-23,-27,-30,-23,-17,-7,27,-13,7,-30;
MA   /M: SY='D'; M=-20,50,-30,70,20,-40,-10,0,-40,0,-30,-30,20,-10,0,-10,0,-10,-30,-40,-20,10;
MA   /M: SY='P'; M=-10,-20,-40,-10,0,-30,-20,-20,-20,-10,-30,-20,-20,90,-10,-20,-10,-10,-30,-30,-30,-10;
MA   /M: SY='I'; M=-10,-30,-27,-37,-27,3,-37,-27,40,-30,30,20,-23,-23,-20,-27,-23,-10,23,-20,0,-27;
MA   /M: SY='D'; M=-20,50,-30,70,20,-40,-10,0,-40,0,-30,-30,20,-10,0,-10,0,-10,-30,-40,-20,10;
MA   /M: SY='G'; M=3,-7,-23,-7,-13,-27,47,-17,-33,-17,-30,-20,3,-17,-13,-17,13,-7,-23,-27,-27,-13;
MA   /M: SY='T'; M=3,0,-10,-7,-7,-13,-13,-17,-13,-10,-17,-13,3,-10,-7,-10,27,40,-3,-33,-13,-7;
MA   /M: SY='T'; M=-3,-7,-17,-10,-10,0,-17,-3,-10,-10,-13,-10,-3,-17,-7,-10,13,20,-7,-13,17,-10;
MA   /M: SY='N'; M=-10,27,-23,13,7,-27,-7,10,-20,3,-27,-13,40,-17,20,3,7,-3,-30,-33,-17,13;
MA   /M: SY='F'; M=-17,-27,-27,-33,-27,37,-33,-10,17,-23,10,7,-20,-27,-23,-20,-20,-10,7,7,37,-27;
MA   /M: SY='V'; M=-10,-3,-23,0,-13,-13,-27,-20,13,-17,0,0,-10,-20,-17,-20,-10,-7,17,-30,-10,-17;
MA   /I: I=-3; MI=0; MD=-15; IM=0; DM=-15;
MA   /M: SY='K'; M=-13,0,-30,0,7,-27,-20,27,-30,30,-27,-7,3,-13,10,20,-10,-13,-23,-23,0,7;
MA   /M: SY='G'; M=-8,-10,-30,-11,-10,-24,18,-14,-26,6,-22,-11,-2,-18,-7,10,-7,-14,-19,-20,-18,-10;
MA   /M: SY='S'; M=0,-10,-13,-13,-10,13,-10,-13,-13,-17,-17,-13,0,-17,-13,-13,20,10,-7,-23,-3,-10;
MA   /M: SY='P'; M=12,-10,-22,-12,-4,-22,-13,-19,-16,-3,-19,-13,-10,23,-8,-12,3,7,-12,-26,-20,-8;
MA   /M: SY='D'; M=-19,22,-26,28,1,2,-16,-6,-24,-10,-17,-19,11,-18,-13,-12,-6,-9,-20,-23,-3,-4;
MA   /M: SY='V'; M=-7,-12,-21,-10,-4,-11,-28,-20,13,-13,1,1,-16,-19,-13,-17,-9,-6,19,-29,-11,-10;
MA   /I: I=-3; MD=-17;
MA   /M: SY='P'; M=-6,-7,-21,-4,1,-18,-13,-11,-14,7,-18,-10,-7,27,-2,-1,-3,0,-14,-18,-13,-2; D=-3;
MA   /I: I=-3; MI=-17; MD=-17; IM=-17; DM=-17;
MA   /M: SY='S'; M=4,-2,-10,-1,0,-14,-2,-8,-13,-7,-20,-13,3,4,-1,-8,21,10,-9,-26,-14,-1; D=-3;
MA   /I: I=-3; DM=-17;
MA   /M: SY='E'; M=-7,17,-17,13,20,-17,-7,3,-17,3,-17,-13,20,-7,7,0,3,-3,-20,-23,-13,13; D=-3;
MA   /I: I=-3; DM=-17;
MA   /M: SY='Q'; M=-7,0,-20,0,10,-23,-13,0,-17,20,-17,-3,0,-7,23,13,-3,-7,-17,-13,-7,17; D=-3;
MA   /I: I=-3; DM=-17;
MA   /M: SY='D'; M=-7,13,-20,20,0,-23,20,-7,-27,-7,-20,-17,7,-10,-7,-10,0,-10,-20,-20,-17,-3; D=-3;
MA   /I: I=-3; DM=-17;
MA   /M: SY='A'; M=13,-13,-13,-20,-13,-7,-13,-17,13,-13,3,3,-10,-10,-10,-17,-3,-3,10,-13,-7,-13; D=-3;
MA   /I: I=-3; DM=-17;
MA   /M: SY='F'; M=-10,-20,-13,-23,-17,30,-20,-13,7,-20,20,7,-17,-20,-20,-13,-17,-7,3,-3,10,-17; D=-3;
MA   /I: I=-3; DM=-17;
MA   /M: SY='P'; M=-7,-7,-23,-3,7,-23,-13,-3,-13,0,-17,-7,-7,27,17,-3,-3,-7,-20,-17,-13,10; D=-3;
MA   /I: I=-3; DM=-17;
MA   /M: SY='P'; M=-2,-9,-2,-7,-3,-17,-10,-12,-14,-9,-19,-13,-7,23,-7,-12,4,0,-13,-24,-18,-7; D=-3;
MA   /I: I=-3; DM=-17;
MA   /M: SY='G'; M=0,-7,-20,-7,-13,-20,47,-13,-27,-13,-20,-13,0,-13,-13,-13,0,-13,-20,-13,-20,-13; D=-3;
MA   /I: I=-3; DM=-17;
MA   /M: SY='R'; M=7,-17,-20,-20,-10,-10,-17,-13,-7,-3,7,0,-13,-20,-7,10,-10,-7,-3,-20,-10,-10;
MA   /M: SY='Q'; M=-8,4,-21,2,-1,-22,-18,-4,-6,-3,-13,-4,6,-19,10,-4,-1,-4,-3,-30,-13,4;
MA   /M: SY='C'; M=-3,-17,30,-20,-17,-10,-20,-20,-10,-23,0,-7,-13,-27,-17,-20,0,0,-3,-37,-17,-17;
MA   /M: SY='V'; M=-3,-30,-17,-33,-30,0,-33,-30,37,-23,13,13,-27,-27,-27,-23,-13,-3,43,-27,-7,-30;
MA   /M: SY='A'; M=17,-7,-17,-13,-13,-20,17,-20,-20,-13,-17,-13,-3,-13,-13,-17,10,10,-10,-23,-20,-13;
MA   /M: SY='F'; M=8,-23,-18,-32,-23,20,-22,-23,11,-22,6,2,-18,-21,-24,-22,-9,-6,12,-11,2,-23;
MA   /M: SY='L'; M=1,-21,-21,-22,-20,-8,7,-21,-2,-23,12,2,-18,-24,-20,-20,-13,-11,0,-21,-13,-20;
MA   /M: SY='I'; M=-10,-27,-23,-30,-27,10,-33,-13,27,-20,10,10,-23,-27,-20,-20,-17,-7,23,-7,23,-27;
MA   /M: SY='G'; M=13,7,-20,-3,-10,-23,23,-10,-23,-10,-23,-17,17,-17,-10,-13,7,-7,-20,-27,-23,-10;
MA   /I: I=-6; MD=-32;
MA   /M: SY='L'; M=-3,-20,-10,-20,-17,3,-20,-17,17,-17,20,10,-20,-20,-17,-13,-13,-3,20,-17,-3,-17; D=-6;
MA   /I: I=-6; MI=-32; IM=-32; DM=-32;
MA   /M: SY='Y'; M=-17,-13,-30,-13,-10,10,-27,10,-10,10,-10,-3,-13,-23,-3,3,-17,-10,-13,13,50,-10;
MA   /M: SY='D'; M=-10,14,-30,22,9,-33,13,-9,-37,6,-29,-21,7,-12,-2,-3,-2,-13,-28,-28,-21,3;
MA   /M: SY='I'; M=-3,-18,-20,-23,-17,-6,-21,-16,17,-19,7,16,-11,-18,-9,-18,-1,0,10,-27,-7,-14;
MA   /M: SY='E'; M=10,0,-23,0,23,-30,-13,-3,-20,3,-17,-10,-3,-7,23,-3,3,-7,-20,-23,-17,23;
MA   /M: SY='T'; M=-7,-10,-13,-20,-17,20,-23,-20,-7,-17,-3,-7,-7,-17,-20,-13,7,30,0,-17,3,-17;
MA   /M: SY='G'; M=-3,-13,-27,-17,-20,-20,40,-13,-20,-17,-13,7,-7,-20,-13,-17,-7,-17,-17,-20,-20,-17;
MA   /M: SY='I'; M=-7,-30,-19,-32,-26,4,-32,-26,30,-27,30,17,-28,-28,-23,-22,-21,-7,28,-23,-3,-26;
MA   /M: SY='V'; M=-3,-27,-20,-23,-20,-10,-27,-27,13,-17,-3,0,-27,10,-23,-20,-10,-3,23,-30,-17,-23;
MA   /M: SY='L'; M=-13,-27,-23,-27,-20,17,-30,-7,13,-23,33,13,-27,-30,-17,-17,-27,-10,3,-3,27,-20;
MA   /M: SY='A'; M=17,-10,-13,-17,-10,-13,-7,-10,-3,-10,-7,10,-7,-13,-3,-13,10,3,0,-27,-13,-7;
MA   /M: SY='C'; M=-7,-17,23,-23,-23,-17,7,-17,-17,-20,-10,7,-13,-27,-17,-20,-10,-13,-10,-30,-20,-20;
MA   /M: SY='V'; M=-6,-12,-16,-8,-18,-8,-26,-22,13,-17,6,2,-19,-26,-22,-18,-10,-3,28,-31,-11,-20;
MA   /I: I=-2; MD=-9;
MA   /M: SY='C'; M=-7,-10,14,-18,-17,-7,-20,-16,8,-17,-1,0,-4,-18,-13,-17,-8,-6,4,-22,-9,-17; D=-2;
MA   /I: I=-2; MD=-9;
MA   /M: SY='G'; M=-3,10,-17,3,-7,-17,23,-3,-20,-7,-20,-13,20,-13,-7,-7,3,-7,-20,-20,-17,-7; D=-2;
MA   /I: I=-2; MD=-9;
MA   /M: SY='Q'; M=-3,-10,-13,-10,-3,-13,-17,-7,3,-3,-3,3,-10,-13,10,-3,-3,-3,7,-17,-7,3; D=-2;
MA   /I: I=-2; MD=-9;
MA   /M: SY='P'; M=-7,7,-20,3,0,-17,-7,-3,-13,-3,-20,-13,13,23,-3,-7,0,-3,-20,-23,-17,-3; D=-2;
MA   /I: I=-2; MD=-9;
MA   /M: SY='C'; M=-10,-17,33,-23,-20,20,-20,-17,-10,-20,-3,-7,-13,-23,-23,-17,-10,-7,-3,-13,0,-20; D=-2;
MA   /I: I=-2; MD=-9;
MA   /M: SY='F'; M=-1,-18,-10,-22,-18,24,-17,-16,6,-16,4,1,-14,-18,-21,-13,-8,-3,11,-6,6,-18; D=-2;
MA   /I: I=-2; MD=-9;
MA   /M: SY='M'; M=0,-7,-10,-10,-7,-7,-7,-3,0,-7,-3,13,-3,-10,0,-7,7,3,0,-20,-7,-3; D=-2;
MA   /I: I=-2; MD=-9;
MA   /M: SY='L'; M=-8,-11,-17,-11,-2,-8,-17,-4,-1,-4,10,6,-10,-14,8,3,-11,-7,-6,-13,-3,2; D=-2;
MA   /I: I=-2; MD=-9;
MA   /M: SY='D'; M=-12,32,-19,41,11,-24,-6,1,-24,0,-20,-19,18,-8,0,-6,1,-6,-20,-27,-13,6; D=-2;
MA   /I: I=-2; MD=-9;
MA   /M: SY='P'; M=-7,-16,-22,-11,-4,-11,-16,-13,-4,-11,-2,-4,-16,33,-9,-13,-11,-7,-11,-18,-13,-9; D=-2;
MA   /I: I=-2; MI=0; MD=-9; IM=0; DM=-9;
MA   /M: SY='E'; M=-7,3,-20,7,23,-20,-13,-3,-20,20,-17,-10,0,-3,10,10,-3,-7,-17,-17,-10,17; D=-2;
MA   /I: I=-2; DM=-9;
MA   /M: SY='G'; M=-4,7,-20,11,-4,-22,29,-9,-27,-9,-20,-16,4,-11,-9,-11,0,-11,-20,-18,-18,-7; D=-2;
MA   /I: I=-2; DM=-9;
MA   /M: SY='Q'; M=-7,0,-20,0,10,-23,-13,0,-17,20,-17,-3,0,-7,23,13,-3,-7,-17,-13,-7,17; D=-2;
MA   /I: I=-2; DM=-9;
MA   /M: SY='C'; M=-7,-13,33,-20,-17,-7,-17,-10,-3,-13,0,13,-13,-20,-10,-13,-10,-7,0,-23,-10,-13; D=-2;
MA   /I: I=-2; DM=-9;
MA   /M: SY='Y'; M=-13,-13,-20,-13,-13,20,-20,13,0,-7,0,0,-13,-20,-7,-7,-13,-7,-7,20,53,-13; D=-2;
MA   /I: I=-2; DM=-9;
MA   /M: SY='W'; M=-7,-13,-20,-17,-13,0,-13,-17,-10,-10,-10,-10,-13,-13,-10,-10,-7,7,-10,40,7,-10; D=-2;
MA   /I: I=-2; DM=-9;
MA   /M: SY='G'; M=6,-7,-18,-8,-12,-19,39,-13,-23,-12,-18,-12,-1,-12,-12,-13,1,-11,-17,-13,-19,-12; D=-2;
MA   /I: I=-2; DM=-9;
MA   /M: SY='R'; M=-10,-13,-17,-13,-7,-3,-17,-7,-3,0,10,3,-10,-17,-3,17,-13,-7,-3,-13,-3,-7; D=-2;
MA   /I: I=-2; DM=-9;
MA   /M: SY='K'; M=0,0,-13,0,3,-17,-7,-7,-17,13,-20,-10,3,-7,3,7,10,3,-10,-20,-10,3; D=-2;
MA   /I: I=-2; DM=-9;
MA   /M: SY='Y'; M=-7,-10,-20,-10,-13,0,13,0,-13,-10,-10,-7,-7,-17,-10,-10,-7,-10,-13,3,17,-13; D=-2;
MA   /I: I=-2; DM=-9;
MA   /M: SY='M'; M=-7,-8,-17,-10,-3,-9,-14,-6,-3,11,0,12,-8,-11,1,6,-11,-7,-3,-13,-3,-1; D=-2;
MA   /I: I=-2; DM=-9;
MA   /M: SY='G'; M=0,-7,-20,-7,-13,-20,47,-13,-27,-13,-20,-13,0,-13,-13,-13,0,-13,-20,-13,-20,-13; D=-2;
MA   /I: I=-2; DM=-9;
MA   /M: SY='A'; M=17,-3,-7,-10,-7,-10,-7,-13,-7,-7,-7,-7,-3,-7,-7,-10,10,17,0,-17,-10,-7; D=-2;
MA   /I: I=-2; DM=-9;
MA   /M: SY='F'; M=-10,3,-13,-7,-10,20,-10,-3,-7,-10,-7,-7,13,-17,-13,-7,-3,-3,-10,-10,3,-10; D=-2;
MA   /I: I=-2; DM=-9;
MA   /M: SY='C'; M=6,-18,28,-27,-21,-13,-21,-22,-1,-21,-6,0,-14,-23,-17,-23,-3,-4,3,-32,-17,-20;
MA   /M: SY='H'; M=-13,3,-27,-7,-10,-13,-20,27,0,-13,-10,0,17,-20,-3,-10,-7,-10,-10,-30,0,-10;
MA   /M: SY='G'; M=3,-7,-23,-7,-13,-27,47,-17,-33,-17,-30,-20,3,-17,-13,-17,13,-7,-23,-27,-27,-13;
MA   /M: SY='E'; M=-10,-7,-27,-3,20,-20,-23,-3,-10,-3,3,0,-10,-13,20,-3,-10,-10,-17,-23,-10,20;
MA   /M: SY='F'; M=-13,-13,-26,-17,-4,9,-24,-10,-12,6,-6,-1,-10,-19,1,3,-13,-10,-12,-10,4,0;
MA   /M: SY='L'; M=-10,-29,-26,-31,-21,2,-32,-23,26,-28,31,16,-26,-13,-19,-23,-24,-10,12,-21,-3,-22;
MA   /M: SY='Q'; M=-2,-12,-23,-14,-2,-18,-20,-8,-4,-8,1,7,-12,-4,12,-8,-7,-2,-10,-22,-10,4;
MA   /M: SY='V'; M=-2,-30,-14,-32,-30,0,-32,-30,34,-22,12,12,-28,-28,-28,-22,-12,-2,46,-28,-8,-30;
MA   /M: SY='S'; M=0,17,-17,23,7,-27,-3,-7,-27,-7,-30,-23,13,-10,0,-10,27,10,-17,-40,-20,3;
MA   /M: SY='R'; M=-13,-3,-28,-4,6,-26,-20,9,-26,21,-21,-7,1,-14,19,31,-4,-4,-21,-22,-7,10;
MA   /M: SY='Q'; M=-13,14,-28,21,13,-33,-14,2,-29,9,-24,-14,8,-12,22,14,2,-7,-26,-29,-14,17;
MA   /M: SY='E'; M=-6,3,-20,7,12,-19,-18,-10,-9,-4,-13,-11,0,-14,-3,-9,2,-2,-1,-33,-17,4;
MA   /I: I=-3; MI=0; MD=-16; IM=0; DM=-16;
MA   /M: SY='D'; M=-12,23,-28,33,19,-33,-13,-4,-33,17,-29,-21,10,-9,6,4,1,-7,-24,-32,-17,12;
MA   /M: SY='I'; M=-2,-21,-24,-29,-20,-7,-27,-20,23,-17,7,13,-13,-18,-11,-13,-9,-6,14,-22,-6,-19;
MA   /M: SY='K'; M=0,1,-21,-1,12,-22,-18,-12,-21,14,-19,-12,-1,-8,3,4,4,11,-13,-26,-13,8;
MA   /M: SY='K'; M=-11,-8,-28,-10,-2,-6,-12,-13,-24,24,-21,-9,-4,-16,-4,13,-11,-11,-17,-13,-3,-2;
MA   /M: SY='S'; M=3,0,-17,0,3,-23,-7,-10,-23,10,-30,-17,7,-10,3,3,23,10,-13,-33,-17,3;
MA   /M: SY='G'; M=-4,-18,-9,-18,-17,-14,8,-20,-14,-22,-2,-7,-13,-12,-18,-20,-8,-10,-12,-27,-19,-18;
MA   /M: M=-7,-9,-22,-10,-6,-12,-17,-11,-9,-4,-2,-4,-3,-8,-6,0,-3,-2,-10,-28,-12,-7;
MA   /M: SY='F'; M=-10,-30,-20,-37,-30,27,-33,-27,27,-27,13,10,-23,-27,-30,-23,-17,-7,27,-13,7,-30;
MA   /M: SY='T'; M=-3,-7,-17,-10,-10,0,-17,-3,-10,-10,-13,-10,-3,-17,-7,-10,13,20,-7,-13,17,-10;
MA   /M: SY='E'; M=11,-2,-17,-1,14,-21,-10,-11,-16,-4,-18,-14,-2,-9,1,-10,14,3,-8,-31,-19,8;
MA   /M: SY='L'; M=-7,-30,-17,-30,-23,7,-30,-23,23,-27,37,17,-30,-30,-23,-20,-23,-7,23,-23,-3,-23;
MA   /M: SY='N'; M=-7,0,-27,-10,-17,-17,10,-13,-3,-17,-13,-7,13,-20,-13,-17,-3,-10,-10,-27,-17,-17;
MA   /M: SY='S'; M=3,3,-17,7,20,-23,-7,-7,-23,-3,-27,-20,7,-7,7,-7,27,10,-17,-37,-20,13;
MA   /M: SY='S'; M=3,-3,-17,-7,-10,-20,17,-17,-23,-13,-23,-17,3,-13,-10,-13,20,17,-13,-30,-20,-10;
MA   /M: SY='R'; M=-10,-10,-23,-10,-7,-3,-17,3,-17,3,-17,-10,-3,-20,0,17,3,0,-13,-10,17,-7;
MA   /M: SY='E'; M=12,0,-19,-2,16,-22,-13,-12,-19,3,-16,-13,-3,-7,2,-6,7,7,-12,-26,-17,9;
MA   /M: SY='K'; M=-10,-7,-33,-3,7,-30,-20,-13,-27,30,-30,-13,-7,23,3,13,-10,-10,-23,-23,-17,3;
MA   /M: SY='D'; M=-14,28,-30,42,42,-34,-16,0,-34,6,-24,-24,9,-4,11,-4,0,-10,-30,-34,-20,27;
MA   /M: SY='T'; M=-7,-10,-13,-20,-17,20,-23,-20,-7,-17,-3,-7,-7,-17,-20,-13,7,30,0,-17,3,-17;
MA   /M: SY='I'; M=-11,-3,-24,0,-12,-12,-27,-19,12,-18,4,1,-10,-20,-16,-20,-12,-8,12,-29,-9,-16;
MA   /M: SY='R'; M=-13,-10,-33,-7,3,-27,-20,-10,-27,23,-27,-13,-7,20,3,27,-10,-10,-23,-23,-17,0;
MA   /M: SY='A'; M=24,-16,-18,-24,-17,-14,-3,-20,3,-16,-2,3,-12,-14,-12,-21,-1,-6,4,-20,-14,-16;
MA   /M: SY='V'; M=13,-23,-16,-29,-22,-6,-22,-26,20,-20,10,7,-21,-21,-20,-22,-8,-3,24,-23,-10,-22;
MA   /M: SY='L'; M=-8,-16,-18,-20,-16,2,-24,-17,9,-22,28,9,-13,-24,-16,-16,-14,4,3,-24,-4,-16;
MA   /M: SY='S'; M=3,3,-17,7,20,-23,-7,-7,-23,-3,-27,-20,7,-7,7,-7,27,10,-17,-37,-20,13;
MA   /M: SY='H'; M=-17,4,-27,-2,-7,-3,-17,21,-17,2,-17,-9,14,-23,0,12,-7,-8,-21,-11,20,-7;
MA   /M: SY='I'; M=0,-26,-18,-31,-24,-1,-27,-21,27,-20,17,22,-23,-23,-18,-20,-14,-6,27,-23,-6,-22;
MA   /M: SY='C'; M=-10,-3,20,-3,17,-30,-23,-7,-27,-3,-20,-13,-7,-17,17,-7,-3,-10,-23,-33,-20,17;
MA   /M: SY='R'; M=-11,-8,-30,-8,-4,-26,10,-9,-33,18,-26,-13,0,-18,0,31,-7,-13,-23,-20,-17,-4;
MA   /M: SY='K'; M=-10,-4,-27,-1,3,-18,-12,-12,-16,6,-2,-4,-8,-17,-3,0,-13,-11,-13,-23,-11,0;
MA   /M: SY='R'; M=-11,-11,-9,-13,-6,-9,-21,-12,-20,12,-13,-8,-7,-20,-4,17,-8,-7,-12,-22,-8,-6;
MA   /M: SY='F'; M=-10,-24,11,-32,-27,20,-29,-24,6,-27,1,-1,-18,-28,-28,-23,-10,-6,9,-20,0,-27;
MA   /M: SY='F'; M=-13,-27,-29,-29,-19,18,-29,-22,7,-23,3,0,-21,12,-23,-22,-18,-10,-2,-13,0,-22;
MA   /M: SY='P'; M=-10,-18,-38,-10,-2,-29,-10,-18,-23,-7,-29,-19,-16,66,-9,-10,-9,-11,-29,-28,-28,-10;
MA   /I: I=-4; MI=0; MD=-18; IM=0; DM=-18;
MA   /M: SY='P'; M=-6,-17,-21,-16,-10,-10,-19,-17,8,-12,-4,-1,-14,22,-11,-16,-9,-6,2,-18,-11,-13; D=-4;
MA   /I: I=-4; DM=-18;
MA   /M: SY='H'; M=-13,-7,-20,-7,-7,3,-17,40,-10,-7,-7,0,-3,-17,0,-3,-10,-10,-13,0,33,-7; D=-4;
MA   /I: I=-4; DM=-18;
MA   /M: SY='G'; M=0,-7,-20,-7,-13,-20,47,-13,-27,-13,-20,-13,0,-13,-13,-13,0,-13,-20,-13,-20,-13; D=-4;
MA   /I: I=-4; DM=-18;
MA   /M: SY='I'; M=9,-12,-13,-18,-12,-7,-13,-16,12,-13,1,2,-8,-10,-9,-16,0,-1,9,-16,-7,-12; D=-4;
MA   /I: I=-4; DM=-18;
MA   /M: SY='R'; M=-13,-7,-20,-7,0,-13,-13,0,-20,20,-13,-7,0,-13,7,47,-7,-7,-13,-13,-7,0; D=-4;
MA   /I: I=-4; DM=-18;
MA   /M: SY='A'; M=12,-11,-19,-14,-12,-4,-2,-4,-12,-11,-13,-10,-8,-18,-9,-14,6,-1,-9,-8,12,-12;
MA   /M: SY='V'; M=17,-23,-10,-27,-23,-7,-20,-27,17,-17,3,3,-23,-23,-23,-20,-3,0,33,-27,-13,-23;
MA   /M: SY='G'; M=0,-10,-30,-10,-20,-30,70,-20,-40,-20,-30,-20,0,-20,-20,-20,0,-20,-30,-20,-30,-20;
MA   /M: SY='S'; M=20,-3,-10,-10,-7,-17,-7,-17,-13,-10,-17,-13,0,-10,-7,-13,23,23,-3,-30,-17,-7;
MA   /M: SY='G'; M=13,-13,-20,-20,-17,-17,17,-13,-10,-13,-7,10,-10,-17,-10,-17,-3,-10,-7,-20,-17,-13;
MA   /M: SY='Y'; M=10,-20,-17,-23,-20,3,-20,-10,7,-13,0,0,-20,-23,-17,-17,-7,-3,13,-7,17,-20;
MA   /M: SY='A'; M=12,-13,-18,-17,-9,-16,-17,-19,-4,6,-6,-2,-13,-17,-9,-3,-6,-4,6,-22,-12,-9;
MA   /M: SY='B'; M=-7,30,-20,30,7,-27,-3,0,-27,-3,-30,-23,30,-13,0,-7,17,3,-23,-40,-20,3;
MA   /M: SY='M'; M=-8,-27,-19,-31,-23,3,-28,-17,26,-21,28,31,-26,-26,-16,-18,-21,-8,21,-22,-2,-20;
MA   /M: SY='C'; M=-13,-13,70,-20,-20,-20,-27,13,-30,-23,-20,-13,-10,-33,-17,-20,-10,-13,-17,-43,-13,-20;
MA   /M: SY='L'; M=-10,-23,-20,-23,-17,-3,-27,-17,7,-7,13,7,-20,-27,-13,10,-17,-7,13,-23,-7,-17;
MA   /M: SY='V'; M=-2,-20,-14,-26,-23,-3,-29,-27,21,-19,6,6,-18,-21,-21,-19,-2,14,29,-28,-8,-23;
MA   /I: I=-3; MI=0; MD=-14; IM=0; DM=-14;
MA   /M: SY='P'; M=10,-13,-26,-13,-1,-24,-14,-13,-12,-8,-12,-8,-13,21,4,-13,-3,-7,-16,-23,-19,0;
MA   /I: I=-6; MD=-32;
MA   /M: SY='S'; M=7,3,-8,-2,-3,-11,-4,-8,-10,-6,-13,-10,8,-8,-3,-7,16,16,-6,-22,-11,-3; D=-6;
MA   /I: I=-6; MI=-32; IM=-32; DM=-32;
MA   /M: SY='G'; M=0,-10,-30,-10,-20,-30,70,-20,-40,-20,-30,-20,0,-20,-20,-20,0,-20,-30,-20,-30,-20;
MA   /M: SY='K'; M=-1,-13,-24,-14,-9,-16,-1,-17,-13,1,-1,-2,-11,-19,-9,-3,-12,-11,-10,-20,-12,-9;
MA   /M: SY='A'; M=24,-19,-13,-24,-16,-8,-13,-21,4,-18,12,2,-19,-19,-16,-20,-6,-3,9,-21,-12,-16;
MA   /M: SY='D'; M=-20,30,-30,43,13,-33,-13,0,-37,10,-27,-23,13,-13,3,17,-3,-10,-27,-33,-17,7;
MA   /M: SY='I'; M=10,-23,-20,-30,-20,-3,-23,-23,20,-23,20,10,-20,-20,-17,-23,-13,-7,13,-20,-7,-20;
MA   /M: SY='Y'; M=-17,-23,-27,-23,-20,23,-30,7,7,-17,17,7,-23,-30,-13,-13,-23,-10,-3,13,53,-20;
MA   /M: SY='Y'; M=-17,-23,-30,-27,-23,20,-33,3,17,-17,7,7,-20,-27,-13,-17,-20,-10,3,13,53,-23;
MA   /I: I=-6; MI=0; MD=-29; IM=0; DM=-29;
MA   /M: SY='E'; M=-10,10,-30,20,60,-30,-20,0,-30,10,-20,-20,0,0,20,0,0,-10,-30,-30,-20,40;
MA   /M: SY='C'; M=-13,3,23,3,-10,-20,-20,-10,-17,-13,-10,3,-7,-23,-10,-17,-10,-10,-10,-37,-17,-10;
MA   /M: SY='G'; M=-4,11,-21,6,-8,-22,16,-11,-26,-10,-23,-18,16,-16,-10,-11,9,9,-20,-30,-20,-9;
MA   /M: SY='P'; M=-7,-17,-27,-20,-13,-13,-27,-23,7,-17,-7,-3,-13,20,-13,-20,-3,10,0,-27,-13,-17;
MA   /M: SY='H'; M=-17,-17,-26,-22,-17,14,-26,28,0,-17,2,16,-10,-23,-9,-11,-17,-13,-6,-11,22,-14;
MA   /M: SY='C'; M=10,-10,27,-17,-10,-23,-17,-20,-23,3,-20,-13,-10,-20,-10,-7,-3,-7,-10,-30,-20,-10;
MA   /M: SY='W'; M=-20,-33,-43,-33,-27,17,-23,-13,-13,-17,-13,-13,-33,-30,-17,-17,-33,-23,-23,110,47,-20;
MA   /M: SY='D'; M=-13,23,-23,37,3,-27,-17,-10,-17,-7,-17,-17,3,-17,-10,-13,-3,-7,-3,-37,-17,-3;
MA   /M: SY='M'; M=-1,-17,-16,-21,-17,-7,-18,-13,12,-14,1,18,-12,-19,-9,-14,2,2,14,-29,-9,-13;
MA   /M: SY='C'; M=10,-7,27,-10,7,-23,-17,-17,-23,-10,-17,-17,-10,-17,-7,-17,0,-7,-13,-33,-23,0;
MA   /M: SY='G'; M=13,-7,-23,-10,-7,-27,17,-17,-27,7,-23,-13,-3,-13,-7,-3,0,-10,-17,-20,-20,-7;
MA   /M: SY='A'; M=50,-10,-10,-20,-10,-20,0,-20,-10,-10,-10,-10,-10,-10,-10,-20,10,0,0,-20,-20,-10;
MA   /M: SY='G'; M=-7,-7,-30,-7,-13,-27,40,20,-37,-17,-27,-13,3,-20,-10,-13,-3,-20,-30,-23,-13,-13;
MA   /M: SY='A'; M=13,-17,-23,-23,-20,-17,10,-23,0,-20,-7,-3,-10,-17,-17,-23,-3,-10,0,-20,-17,-20;
MA   /M: SY='I'; M=-10,-28,-27,-37,-27,1,-34,-22,40,-26,23,29,-21,-21,-16,-24,-21,-10,23,-20,0,-24;
MA   /M: SY='V'; M=13,-23,-13,-27,-20,-3,-20,-23,13,-20,17,7,-23,-23,-20,-20,-10,-3,20,-23,-10,-20;
MA   /M: SY='T'; M=-7,-3,-17,-10,-7,-13,-20,-13,-17,3,-13,-10,0,-13,-3,17,10,30,-7,-27,-10,-7;
MA   /M: SY='A'; M=13,0,-17,-3,13,-20,-13,-13,-17,-3,-13,-13,-3,-7,0,-10,10,13,-10,-27,-17,7;
MA   /M: SY='G'; M=13,-13,-20,-20,-17,-17,17,-13,-10,-13,-7,10,-10,-17,-10,-17,-3,-10,-7,-20,-17,-13;
MA   /M: SY='G'; M=-4,-1,-30,1,-9,-31,41,-16,-38,-2,-30,-19,2,-17,-11,-8,-2,-17,-28,-22,-24,-10;
MA   /M: SY='G'; M=-3,-4,-30,-2,1,-30,40,-14,-37,-6,-28,-19,0,-14,-8,-10,-1,-17,-29,-22,-26,-3;
MA   /M: SY='G'; M=9,-10,-19,-10,-17,-19,12,-21,-10,-16,-12,-9,-10,-20,-19,-19,-1,-8,3,-26,-20,-18;
MA   /M: SY='I'; M=-8,-29,-21,-33,-26,3,-32,-23,32,-26,28,22,-26,-26,-20,-22,-21,-8,26,-22,-2,-24;
MA   /M: SY='L'; M=-7,-28,-17,-30,-23,4,-28,-19,23,-22,30,26,-28,-28,-19,-18,-21,-7,23,-23,-3,-21;
MA   /M: SY='D'; M=-20,50,-30,70,20,-40,-10,0,-40,0,-30,-30,20,-10,0,-10,0,-10,-30,-40,-20,10;
MA   /M: SY='V'; M=-6,-29,-18,-32,-27,2,-31,-24,31,-23,22,20,-27,-27,-22,-21,-18,-6,32,-24,-4,-26;
MA   /I: I=-2; MI=0; MD=-8; IM=0; DM=-8;
MA   /M: SY='T'; M=-4,-10,-19,-14,-10,-13,-24,-20,-1,6,-9,-2,-9,-16,-9,-1,-1,12,8,-26,-9,-10;
MA   /I: I=-6; MD=-29;
MA   /M: SY='G'; M=0,-7,-20,-7,-13,-20,47,-13,-27,-13,-20,-13,0,-13,-13,-13,0,-13,-20,-13,-20,-13; D=-6;
MA   /I: I=-6; MI=-29; MD=-29; IM=-29; DM=-29;
MA   /M: SY='G'; M=0,-7,-20,-7,-13,-20,47,-13,-27,-13,-20,-13,0,-13,-13,-13,0,-13,-20,-13,-20,-13; D=-6;
MA   /I: I=-6; DM=-29;
MA   /M: SY='P'; M=-10,-23,-33,-17,-7,-17,-23,-20,-7,-17,-3,-7,-23,50,-13,-20,-17,-10,-17,-27,-20,-13;
MA   /M: SY='F'; M=-10,-20,-20,-30,-23,23,-30,-23,13,-23,7,3,-13,-20,-23,-20,-7,10,10,-13,7,-23;
MA   /M: SY='D'; M=4,26,-23,34,14,-32,-8,-7,-29,-2,-22,-22,8,-9,-1,-12,3,-7,-20,-32,-20,7;
MA   /M: SY='Y'; M=-13,-27,-27,-30,-23,13,-33,-10,23,-23,23,13,-23,-27,-17,-20,-23,-10,10,-3,27,-23;
MA   /M: SY='H'; M=-17,-10,-27,-13,-7,-13,-20,33,-13,3,-7,17,-3,-20,7,20,-13,-13,-13,-23,3,-3;
MA   /M: SY='S'; M=3,0,-17,0,7,-27,-7,-3,-20,-3,-27,-13,7,-10,20,-3,27,10,-17,-33,-17,13;
MA   /M: SY='R'; M=-17,-6,-30,-4,9,-23,-20,-2,-30,32,-22,-11,0,-16,11,53,-9,-10,-21,-21,-11,7;
MA   /M: SY='R'; M=1,-4,-22,-9,-3,-20,-14,-9,-18,17,-18,-9,1,-17,0,23,-3,-6,-9,-23,-13,-3;
MA   /M: SY='P'; M=-10,-19,-29,-17,-8,-19,-24,-16,-3,-3,-12,-4,-16,16,-3,2,-10,-8,-3,-26,-16,-9;
MA   /M: SY='I'; M=-8,-30,-22,-34,-27,3,-34,-27,36,-28,28,18,-26,-26,-22,-24,-21,-8,28,-22,-2,-27;
MA   /M: SY='A'; M=10,-6,-21,-7,2,-18,-18,-17,0,-10,-6,-6,-9,-12,-7,-17,-2,-6,2,-26,-14,-3;
MA   /M: SY='T'; M=9,-11,-13,-18,-12,-8,-16,-17,-1,-14,4,3,-10,-16,-10,-14,4,16,2,-26,-10,-11;
MA   /M: SY='G'; M=-8,-4,-22,-12,-17,10,13,-12,-20,-18,-17,-13,8,-22,-20,-14,0,-8,-18,-17,-7,-17;
MA   /M: SY='S'; M=-1,-1,-16,-6,-7,-10,-10,-9,-7,-14,-3,-7,8,-19,-7,-11,10,6,-8,-33,-13,-7;
MA   /M: SY='S'; M=-2,-9,-23,-8,-2,-21,-13,-13,-14,-1,-23,-13,-2,10,-2,-1,11,3,-12,-31,-18,-4;
MA   /I: I=-5; MD=-27;
MA   /M: SY='R'; M=-7,-9,-14,-12,-8,-6,-17,-10,-1,-2,1,0,-6,-12,-4,8,-3,7,0,-16,-4,-8; D=-5;
MA   /I: I=-5; MI=-27; MD=-27; IM=-27; DM=-27;
MA   /M: SY='L'; M=-7,-20,-13,-20,-13,7,-20,-13,13,-20,33,13,-20,-20,-13,-13,-20,-7,7,-13,0,-13; D=-5;
MA   /I: I=-5; DM=-27;
MA   /M: SY='A'; M=14,-13,-10,-18,-12,-6,-11,-16,8,-12,6,2,-12,-12,-11,-14,-3,-2,10,-14,-8,-12; D=-5;
MA   /I: I=-5; DM=-27;
MA   /M: SY='E'; M=-11,10,-30,17,37,-34,-19,2,-28,13,-22,-13,2,-6,30,6,-1,-10,-29,-27,-16,33;
MA   /M: SY='D'; M=-18,22,-28,24,7,-27,-12,13,-31,9,-26,-18,21,-17,4,20,-2,-9,-27,-32,-12,3;
MA   /M: SY='I'; M=-7,-30,-20,-33,-27,3,-33,-27,33,-27,27,17,-27,-27,-23,-23,-20,-7,30,-23,-3,-27;
MA   /M: SY='A'; M=26,-10,-16,-17,-9,-19,0,-17,-11,-11,-7,-7,-9,-13,-4,-16,4,1,-6,-21,-17,-7;
MA   /I: I=-4; MD=-22;
MA   /M: SY='E'; M=-7,3,-20,7,23,-20,-13,-3,-20,20,-17,-10,0,-3,10,10,-3,-7,-17,-17,-10,17; D=-4;
MA   /I: I=-4; MD=-22;
MA   /M: SY='F'; M=-10,-7,-17,-7,10,17,-17,-7,-10,-7,-3,-7,-7,-10,-7,-7,-7,-7,-10,-7,3,3; D=-4;
MA   /I: I=-4; MD=-22;
MA   /M: SY='I'; M=-7,-20,-17,-23,-17,3,-23,-17,23,-20,23,13,-17,-17,-13,-17,-17,-7,13,-13,0,-17; D=-4;
MA   /I: I=-4; MD=-22;
MA   /M: SY='E'; M=-7,3,-20,7,26,-22,-13,1,-18,11,-14,-8,0,-3,21,6,-1,-7,-19,-17,-10,23; D=-4;
MA   /I: I=-4; MD=-22;
MA   /M: SY='I'; M=-4,-20,-16,-24,-20,0,-24,-20,29,-18,11,11,-16,-16,-16,-18,-11,-4,24,-16,-2,-20; D=-4;
MA   /I: I=-4; MD=-22;
MA   /M: SY='Y'; M=-8,-14,-17,-18,-14,7,-20,-6,17,-12,7,7,-11,-13,-9,-12,-11,-6,8,0,18,-14; D=-4;
MA   /I: I=-4; MI=-22; IM=-22; DM=-22;
MA   /M: SY='P'; M=-11,-13,-37,-6,8,-29,-20,-14,-23,3,-28,-18,-13,57,-2,-2,-9,-10,-28,-28,-24,-1;
MA   /M: SY='L'; M=-1,-18,-20,-19,-11,-9,-23,-19,2,1,8,4,-18,-21,-11,-3,-14,-7,8,-22,-8,-11;
MA   /M: SY='H'; M=-7,-2,-28,-2,11,-23,-19,24,-21,6,-18,-4,-1,-13,23,3,-4,-11,-23,-18,4,16;
MA   /M: SY='R'; M=-7,-3,-19,-8,-3,-17,-18,-11,-20,10,-18,-11,1,-13,0,21,9,20,-10,-27,-11,-3;
MA   /M: SY='D'; M=4,13,-23,17,6,-29,-10,17,-26,-4,-20,-13,6,-12,6,-9,1,-9,-20,-29,-10,4;
MA   /M: SY='D'; M=-4,16,-23,19,8,-29,-14,-8,-26,9,-22,-16,6,-10,6,0,3,4,-18,-29,-14,7;
MA   /M: SY='E'; M=-10,10,-30,20,60,-30,-20,0,-30,10,-20,-20,0,0,20,0,0,-10,-30,-30,-20,40;
MA   /M: SY='D'; M=-10,33,-23,47,13,-33,-7,-3,-33,-3,-30,-27,17,-10,0,-10,13,0,-23,-40,-20,7;
MA   /I: E0=0; E1=0; IE=-105; DE=-105;
CC   /GENERATED_BY="pfmake -b1 ALL.msf /home/gestel/src/pft2.2/blosum45.cmp";
//


